11 9
12 9
13 8
15 7
16 7
17 5
21 4
24 2
28 1
30 1
33 -1
39 -3
43 -4
48 -6
56 -9
62 -10
68 -12
76 -14
87 -19
97 -20
106 -21
114 -21
122 -21
131 -21
141 -20
147 -18
155 -14
161 -10
169 -4
175 2
181 13
183 19
188 30
190 41
194 52
197 65
199 76
201 87
201 97
203 108
203 116
203 124
203 130
202 135
201 139
197 142
193 146
190 150
187 152
181 156
178 158
171 160
164 162
152 166
143 168
130 170
115 173
107 173
96 175
83 177
72 177
67 177
61 177
57 177
52 172
50 172
48 170
47 167
45 164
45 158
45 155
45 150
45 143
45 135
45 123
45 113
48 104
51 96
55 82
60 71
62 60
68 52
69 47
74 40
75 39
76 38
79 37
85 35
93 33
101 33
112 33
123 33
136 33
144 33
155 33
163 34
166 35
173 37
177 40
182 45
188 49
192 54
196 61
199 68
202 75
205 82
205 90
205 96
205 101
205 107
205 112
205 117
205 120
205 127
204 131
200 135
196 142
192 147
189 150
182 157
176 162
172 166
166 167
158 170
154 171
149 171
143 171
140 171
137 171
130 171
126 171
122 171
116 168
112 167
107 162
105 161
101 156
97 150
93 144
91 141
89 135
89 133
88 130
88 123
88 120
88 118
86 116
86 113
86 108
86 102
86 97
89 91
92 84
95 79
97 76
100 72
103 70
107 69
108 68
110 68
110 67
111 67
113 67
115 70
115 71
115 76
115 79
115 82
115 85
115 88
115 89
115 91
115 92
115 94
116 94
116 95
116 97
115 100
112 104
111 106
109 109
109 110
106 112
106 114
104 117
104 119
103 120
102 122
101 123
100 124
99 125
98 126
97 127
96 128
95 128
93 128
92 125
89 120
86 116
84 107
84 102
84 96
84 91
84 88
84 83
84 79
86 76
90 73
93 69
96 67
97 65
100 62
102 62
103 61
108 59
109 58
110 58
111 58
112 56
113 56
115 56
120 56
123 56
129 60
137 65
142 72
144 78
148 84
152 93
154 96
155 100
156 105
157 106
157 109
158 111
158 114
160 115
159 116
158 116
157 116
154 117
151 117
149 117
145 119
142 119
139 119
134 121
131 121
127 121
120 121
114 121
109 121
101 121
98 121
93 121
90 121
89 121
86 121
84 120
83 119
82 118
80 117
80 114
77 112
77 110
74 106
73 103
72 98
71 96
70 92
70 89
70 84
70 81
70 76
70 73
70 70
71 66
71 64
76 62
80 59
86 55
90 53
94 50
102 47
109 44
118 41
124 37
129 36
133 35
134 34
137 34
140 34
143 34
146 34
151 34
158 39
164 43
172 50
181 56
184 61
190 67
196 77
199 84
203 92
203 101
203 114
203 122
203 131
203 143
200 149
198 155
195 159
193 162
187 168
180 174
176 177
170 181
166 183
165 183
162 184
158 184
151 186
145 186
137 186
131 186
124 186
116 186
110 183
101 177
94 174
89 169
85 165
83 163
81 155
79 149
77 143
77 136
75 129
75 121
75 118
75 115
75 112
75 110
76 109
78 107
81 106
87 104
95 99
106 95
117 91
128 86
139 84
147 84
155 82
164 82
169 82
172 82
175 82
178 82
181 82
183 83
185 85
186 86
187 88
187 91
189 94
189 99
189 110
189 118
189 127
188 137
184 145
180 155
176 163
172 169
168 175
164 178
161 181
155 182
150 184
144 184
138 186
130 186
122 188
114 188
110 190
100 190
92 190
87 190
79 190
68 187
54 182
44 177
37 169
28 160
23 155
20 148
17 144
15 138
15 135
15 134
16 128
18 126
19 125
21 124
22 124
25 122
26 121
29 119
33 118
38 116
41 116
45 114
50 112
56 110
61 110
70 108
78 106
86 104
92 104
100 104
108 104
116 104
119 104
122 105
124 105
127 107
129 108
133 111
135 113
139 117
141 120
145 129
147 137
149 147
149 153
149 161
149 172
149 179
148 188
144 194
142 200
138 209
134 215
125 219
124 222
120 226
116 227
112 228
109 228
105 229
101 230
96 230
90 230
83 230
78 230
74 230
69 228
67 227
66 226
64 226
64 225
65 225
66 224
66 222
67 222
68 219
68 216
68 213
68 208
70 202
72 194
72 188
72 182
74 175
74 168
76 161
76 153
78 147
80 139
82 133
84 127
86 121
87 117
87 115
88 113
89 112
89 111
