11 8
12 8
13 8
14 6
17 6
21 6
26 6
31 6
36 6
42 6
47 6
50 6
55 7
59 9
70 13
78 17
87 22
94 24
102 28
110 32
121 39
129 43
139 50
147 56
154 61
161 69
168 75
173 83
177 93
181 99
186 108
188 113
191 122
192 128
192 136
192 141
192 148
192 154
192 162
191 172
189 179
185 185
183 188
181 191
177 192
176 194
175 194
172 194
168 194
163 194
158 194
150 194
145 194
138 193
135 193
132 189
129 189
126 188
123 186
118 182
113 178
106 173
98 163
90 153
83 143
79 136
75 125
70 114
66 105
66 97
66 92
64 84
64 81
64 76
65 70
66 66
69 61
72 56
74 54
77 50
81 48
84 47
87 46
93 45
95 44
100 44
105 44
108 44
111 44
119 44
122 44
127 45
134 47
138 49
140 50
143 52
147 56
150 59
155 64
159 70
163 74
167 80
169 86
171 93
175 101
177 108
179 116
181 126
181 135
181 143
181 153
181 162
181 167
181 174
181 180
178 184
174 190
168 194
165 198
158 201
154 203
149 203
144 203
140 204
134 204
129 204
121 204
113 204
105 204
97 203
89 201
80 199
72 193
63 188
56 183
50 179
41 173
35 167
33 163
29 156
27 146
25 141
25 135
23 129
23 124
23 119
23 112
23 108
23 102
24 99
26 96
28 91
31 86
33 81
37 75
43 68
50 62
56 56
60 50
63 46
67 43
73 39
76 36
80 34
82 34
85 34
88 34
89 34
94 34
98 34
104 34
108 34
115 36
122 40
126 41
130 43
135 45
139 49
142 52
146 56
148 58
150 64
151 68
153 73
154 77
155 82
155 86
155 88
155 91
155 92
155 93
155 95
155 97
154 99
154 100
152 101
152 102
